frame,mean_motion_x,mean_motion_y,mean_motion_px,mean_motion_py,mean_bright_px,mean_bright_py,mean_red,mean_green,mean_blue,width,height
0,0.0,0.0,0.0,0.0,282.6152173388179,125.45998885409377,83.58990149968942,109.63826426479723,111.09319963321205,573,295
1,-7.902331433819202e-06,3.3827563197286542e-06,0.5115511017076538,0.7196018432838156,282.61605812254527,125.47060348870284,83.61427515011684,109.64504984174874,111.10985890496052,573,295
2,0.0001315347923844354,9.018799566666568e-06,0.5751404205208516,0.42765482169906105,282.5666417456999,125.4918490730175,83.53280681515662,109.41698464814979,110.96812494453812,573,295
3,-5.590724984390613e-06,2.5685370622241707e-06,0.5419578804420058,0.6754469987460273,282.59253972503626,125.48736183497972,83.59216138669507,109.44830952169669,111.03364983583282,573,295
4,-9.18012374629473e-05,0.00043123355965871325,0.6198872322346163,0.4441138713886578,282.70505606349434,125.35920814210641,83.94144999556305,109.80957789806845,111.4554678025261,573,295
5,6.890696009317429e-07,6.318132764012179e-06,0.5177286149617787,0.7148473721226015,282.70627488814796,125.35732834038456,83.99615464252966,109.8245156328571,111.51234359747981,573,295
6,0.0001651116078813193,0.0008693284035702679,0.517440331132016,0.42885459006266957,282.6514761992516,125.45522506791603,83.83169166149023,109.5454905788742,111.34491081728636,573,295
7,1.0262615207919146e-05,9.257183922360563e-06,0.5034709131719107,0.6296983567836532,282.6560793269698,125.44472490068729,83.92409264353536,109.56976957434851,111.43094625373443,573,295
8,0.00029643555653446224,0.0007526470331412531,0.4838445956105221,0.45309807128071766,282.66556366833976,125.44884475986414,83.62052237702251,109.46383293400775,111.18363060904547,573,295
9,7.517322429802452e-05,0.001213785244360151,0.46725593785328734,0.4835975820834622,282.5591094645966,125.62184770577207,83.79169994379862,109.33141657053272,111.37877954269825,573,295
10,1.5652361569967275e-06,5.792284845338633e-06,0.5200074216399855,0.8202609896878715,282.5614247366894,125.61818341853585,83.78377259147514,109.32820421806134,111.37494601709705,573,295
11,-7.760652348431298e-07,4.014074282776786e-06,0.49904488341414666,0.7366541134245607,282.5601025117558,125.62221597391752,83.79760996243381,109.33552814505872,111.38668914721804,573,295
12,-4.425368148119604e-07,-1.4959226376118363e-07,0.5276064629401097,0.6254514313735124,282.55871191074937,125.62120415001321,83.79081255361315,109.33602508356257,111.37625343863697,573,295
13,-0.00014645406464272053,0.000909546752760455,0.47697217702268846,0.46191719485603167,282.5493300993282,125.63217595313168,83.97224243499866,109.304558227586,111.56939095453605,573,295
14,-0.00019742042170668982,0.0005243047993865487,0.46880638098103056,0.43917708112855336,282.4841524619146,125.7147445909522,83.92354246162037,109.18340580353181,111.5507143490993,573,295
15,-0.00025838785685912516,0.00023425561199333781,0.4539758880482204,0.44430352073065016,282.42727982023507,125.70555694194671,83.65052208122579,109.03535954092348,111.3225190049398,573,295
16,1.5537561466254508e-06,3.908315988788981e-06,0.5547671761617012,0.6953458374320874,282.4247416828291,125.70538376754828,83.66401632797941,109.0352175584938,111.33333333333333,573,295
17,-3.2562341758857007e-06,-4.875727526890815e-06,0.5352099738172659,0.7159641717380907,282.4302014442024,125.69669523310861,83.69200461442897,109.04291418936907,111.3614754340817,573,295
18,-0.0002574687331638704,5.972137701402661e-05,0.4891072752813059,0.4694720086470379,282.3744943030049,125.73025753733346,83.89571390540421,109.16203153193126,111.6189014109504,573,295
19,-6.218341610907175e-06,-8.982055466219453e-06,0.5366888829402073,0.5866524398550331,282.39203605154324,125.70900952035592,83.99243943561984,109.2095305705919,111.70975241813825,573,295
20,-0.0002537795142981089,-0.00017437705665286176,0.5236181632702854,0.3852320435698942,282.32834350229564,125.75876360218486,83.80844203863106,109.08586387434555,111.5545478747005,573,295
21,-7.209029288674991e-06,-9.270583001619017e-07,0.5600269156503214,0.7033589259706029,282.3295927608518,125.75623719942381,83.85307776495992,109.1046587984737,111.60063300499897,573,295
22,-0.00019525157355990768,-0.00038036788683695516,0.5164066061338081,0.42206429077142504,282.37211254498015,125.75654862001913,83.96674653178336,109.16305498861182,111.71742538527523,573,295
23,-8.027197829607501e-06,-1.094105846888652e-05,0.5298088604115577,0.6569976063830922,282.3634062666802,125.7503947434807,84.02115538202148,109.1763066820481,111.77385748513622,573,295
24,-8.662913547421916e-05,-0.0003905458762541657,0.5163710522861742,0.46538033542482937,282.324910985738,125.77922270153157,83.68905256307865,109.03718164877097,111.43774366255509,573,295
25,-4.330669566212362e-05,-0.00021005938333473005,0.5239520943606544,0.504728101704497,282.34775638160846,125.7859529040513,83.80390451681605,109.05820688023191,111.54533676457538,573,295
26,-8.798935547531832e-07,-2.07925210857608e-06,0.5516353813451879,0.7204448005032662,282.34661707861244,125.78603139070162,83.80686248410093,109.05808856154052,111.5445913568196,573,295
27,-8.089534665192818e-06,-7.613240692518903e-06,0.5046080868882103,0.6724811153361809,282.3459106432959,125.78081152753839,83.8447067175437,109.07001508563316,111.58925074688673,573,295
28,7.811262890597665e-05,-0.00014342896421086805,0.5216561595968207,0.5385542713860437,282.30677554044144,125.79476291444897,83.65733723785014,108.9687342857988,111.42577572692046,573,295
29,-4.058846516016154e-06,3.1071256415879485e-06,0.46657736118612103,0.6802552758729443,282.2964056411065,125.7849317201484,83.69341260685657,108.97308249770758,111.45598840476825,573,295
30,7.685267134200791e-05,0.0001407899782946198,0.5599499674399013,0.4941165333488795,282.30803948933647,125.77015383458198,83.72125891087644,108.96898275505073,111.48457420060934,573,295
31,4.821466338528089e-07,1.3490675202585277e-07,0.5300362619967995,0.6472824098179369,282.30133577041033,125.75110328531387,83.77082852663649,108.97226609873695,111.54599343331263,573,295
32,4.074311902813212e-05,0.00015718196304735166,0.564147027608093,0.5482949158839041,282.24860388976623,125.72832304641945,83.52154287573579,108.78772443576774,111.29041322802969,573,295
33,-3.5170943041547926e-06,-2.463313870191458e-06,0.5567720051530608,0.7560212351487307,282.24864189331834,125.72858694376687,83.51110125122017,108.80131925340906,111.28954950158251,573,295
34,3.625419996118843e-05,0.00030617583405882033,0.5141610727693267,0.4588837136991958,282.2373653761191,125.68574330732692,83.79104919099595,108.86451326648327,111.55166089863046,573,295
35,1.4300198908817304e-05,0.0002252159168815326,0.5196767824854817,0.48136899503681735,282.1990202285838,125.61424251405742,83.66846511077587,108.76471145029136,111.43722897624752,573,295
36,5.325937624688222e-07,8.053965332174923e-07,0.5808054474521315,0.7625772910519193,282.1985186519532,125.61659242031067,83.67628006034253,108.75931020202917,111.45064039991718,573,295
37,-2.2470373196831793e-06,4.415829011950786e-06,0.5258832230200363,0.739160577350663,282.1975453838252,125.61417138348492,83.66530008578106,108.78897861389653,111.43640666134233,573,295
38,-9.66712596744426e-06,0.00023691214632210646,0.46484325535706233,0.4561069192396688,282.1704735582239,125.54842564750086,83.83293400774987,108.83136628508889,111.60106486822255,573,295
39,-0.0001408718970104108,0.0003391128373538293,0.47534517700066553,0.4828498017810824,282.11026637466887,125.47125452414403,83.46447777087586,108.64943946519952,111.25114325435561,573,295
40,1.8034416409284117e-06,-1.7803138870875396e-06,0.5098952206411931,0.7669913820808766,282.1111922621354,125.47574381013482,83.5270210311474,108.61708521903748,111.30297275712131,573,295
41,-1.118429075858014e-05,-4.806485123311591e-07,0.5156610476702111,0.7788912629526628,282.1127453212715,125.46859492309063,83.49688526044902,108.6341231105984,111.28123761351199,573,295
42,-0.0004797273992285548,0.00020647803996516926,0.49938389668769856,0.428350336239781,282.0607623681896,125.43413900166124,83.60495163723489,108.62100748365724,111.35946401632798,573,295
43,-1.1053998957756485e-05,6.501504488360031e-06,0.5028816851583947,0.7080490812837708,282.07084312458073,125.42039197553906,83.5878900819357,108.67501996627918,111.35878959978703,573,295
44,-0.00039641984354094566,4.137492638324238e-05,0.5115472570149151,0.4339919721945839,282.069380032436,125.41057526344194,83.83430650457007,108.73250510249356,111.60201141775372,573,295
45,-1.0099444731076988e-05,8.843606667172864e-07,0.45787356356222286,0.6495172438566381,282.0742538050385,125.39669927056842,83.85272872482031,108.777696926672,111.63902742035673,573,295
46,-0.00042562881019163985,2.1521445076873488e-05,0.5009250109436468,0.4471866285122397,282.01756119734193,125.4024902329024,83.58728665660958,108.55019374685716,111.38012837578016,573,295
47,9.701879102929269e-07,-7.177989932032049e-06,0.5246770491930878,0.7223165032519381,282.01480311778363,125.39566191801926,83.54868518354186,108.55913863992664,111.35098056615494,573,295
48,-0.00025578221374255813,-6.788087897804862e-06,0.48782654568247447,0.5639091831240648,282.1123722644995,125.16841748582567,82.50705475197444,107.93037536604845,110.33286005856775,573,295
49,-2.2095629884792502e-05,-3.516644164137849e-05,0.5292735129041689,0.7123834072192116,282.1141334915073,125.1543301661056,82.51618895495015,107.96916614902239,110.34778596148726,573,295
50,-0.00022693079869641675,-0.00044961764389445016,0.48490211854314286,0.43697625083507896,282.12634364664996,125.15313262137838,82.70615552991984,108.07506729375574,110.49677285769219,573,295
51,-1.0939429557508715e-05,-2.838274863202651e-05,0.5519220024462635,0.6693367668656572,282.1545488362672,125.12928521258137,82.8567397284586,108.13223296950336,110.64321590203213,573,295
52,-0.000448699190650249,-0.0008764429449471643,0.531490760016565,0.45563526487600625,282.1667820734219,125.13633078030573,82.73430354660277,108.10703700417073,110.4933475315763,573,295
53,-5.607757505777405e-06,-1.9618705946144604e-05,0.529963371566812,0.7326942635981238,282.19371069962165,125.12288634326809,82.80953057059189,108.12412813914278,110.55880143165616,573,295
54,-8.78974478275177e-05,-0.0006951058601566692,0.5121818168380005,0.4689006182044483,282.1810012601959,125.11253748131168,82.89048421924454,108.19674623598662,110.60379802999378,573,295
55,5.67593828403004e-06,-3.5902066469101236e-05,0.5538679989164949,0.6979791725511447,282.2109780463952,125.09727641327855,83.00114769130653,108.22659804182565,110.70013902446239,573,295
56,0.00028461741362452463,-0.0011518257563720973,0.548905797736138,0.513105901397185,282.10726984742513,125.12923903439851,82.53038128198303,108.06262016742095,110.20165646167953,573,295
57,0.00038155128748782277,-0.00038348047626774525,0.5686886736822202,0.41940811151360247,282.08760504916586,125.07597250889752,82.75708581063094,108.11059248084716,110.42779897654331,573,295
58,6.794396474787473e-07,-3.6237290731860246e-06,0.49970164583704924,0.7298455820391736,282.08924842519707,125.07442395991482,82.75805602390038,108.10894785103677,110.42322004318632,573,295
59,9.171029878466089e-05,-0.00013556158187531434,0.5337355851118901,0.4536814317594077,282.1016379390662,125.07146099995599,82.75216375306888,108.16348093590085,110.46674948975064,573,295
60,2.3178235927615666e-06,-4.71550128118287e-06,0.612922366656055,0.693731220929471,282.1003314894661,125.07121435114178,82.74785695270211,108.16800070991215,110.46057916999438,573,295
61,4.411631220773814e-05,1.0180379201580156e-05,0.5127388333556925,0.7164504762623007,282.0854677395114,125.06669247240356,82.6479545656225,108.04441092081521,110.35504481320437,573,295
62,0.00019685147143414596,3.272150763787156e-05,0.49902094217950804,0.4887655593090936,282.0479135779137,125.0582427648485,82.78748779838494,108.00656668737244,110.46446593900671,573,295
63,0.0004023912735131196,-6.149925320777363e-05,0.5456221944693523,0.42946973302402464,281.9535293664448,125.11125286909932,82.25373443369716,107.81339367586594,109.95207501405035,573,295
64,5.020580888960957e-06,2.894607894773118e-07,0.48579288506275153,0.710894779669289,281.9526049902462,125.10855061886505,82.27129884343479,107.81838672464282,109.9692016446298,573,295
65,0.00023687521565819063,0.000379848478159595,0.464887881908663,0.45022119091032914,281.90554141169974,125.09285824164249,82.47278965894637,107.89325287662318,110.17324222794096,573,295
66,6.55061216610024e-06,1.1527383583309797e-05,0.5160992359983962,0.6144401963211865,281.8973478739193,125.07101076326882,82.5572869524063,107.91722424349987,110.26421155382022,573,295
67,0.0002151213758614132,0.0003693626881582562,0.4948022790246314,0.44585601066214353,281.83526481706485,125.09652411429109,82.34116011476912,107.7730174224273,110.0058686070932,573,295
68,4.2011690544897434e-07,-1.4043869867558082e-06,0.5060755000164692,0.6442995411995738,281.83425320531944,125.09642524405194,82.35306297512349,107.76779956813678,110.02101931552637,573,295
69,-3.9303361567949915e-07,-5.0364705615246137e-08,0.4782179220155686,0.5634596006295961,281.8345401414929,125.09630999769644,82.33380660809891,107.76989972490904,109.99304877688053,573,295
70,1.3903517929361824e-05,1.1191436871769837e-06,0.5317545052213909,0.7136930187436435,281.82779032095664,125.08505749716937,82.39149288608868,107.7731949004644,110.04296151684562,573,295
71,0.00013998984330896972,7.764904552830697e-05,0.47766206522800075,0.5287328212447557,281.8266717185863,125.07353651290632,82.09387404975301,107.55306889105806,109.67935634631881,573,295
72,-1.4768723978976598e-06,-1.6178652248480344e-06,0.5281333207148866,0.6833362076771949,281.8274556101937,125.07550367275729,82.08643180406425,107.56221492590292,109.67700180436005,573,295
73,-3.2667086576717083e-07,2.8989103628082383e-07,0.518032112501438,0.5479843407055421,281.82718831895306,125.07667513836203,82.08562723696276,107.54698731032035,109.68925962078859,573,295
74,-6.918709603571283e-05,-0.00017523208161330332,0.5413405433742638,0.49118257653759995,281.87900442477877,125.0708033668748,82.33272990800722,107.60045552696187,109.84772976010885,573,295
75,-2.656140409275971e-07,1.1389042617569261e-06,0.49660662998575655,0.6304655847246156,281.8767118318554,125.07062986944473,82.3115626941166,107.61102138610347,109.83106457242583,573,295
76,1.0598555255806245e-06,-1.2467784641190459e-05,0.5807294858485652,0.7289397046669793,281.8845652196493,125.072518497454,82.35211642559233,107.61111604105659,109.8678735173189,573,295
77,-8.079058626468386e-05,-0.0006047495943858352,0.5841708745443188,0.43352952579650306,281.83801359788004,125.04952587078084,82.36186588576331,107.63180406424705,109.83359067648712,573,295
78,1.6696510709200553e-06,-1.3476301773953282e-05,0.5212893923531475,0.6600469439099655,281.8275719857839,125.04614431297124,82.41054811133789,107.6305439701837,109.88381104504984,573,295
79,-5.262207317147e-05,-0.0006412526556006623,0.5333924474365088,0.47098958908619687,281.76371761900856,125.06865214052739,81.99917176916023,107.325376401337,109.41902564557635,573,295
80,1.8778917201310805e-07,-1.4484639825257508e-06,0.4929738330116184,0.5964359422309903,281.7620204876489,125.07080433715745,81.95839914810543,107.36858047149998,109.37036116780548,573,295
81,-1.6807307179296326e-06,4.419268591140183e-07,0.5024743834270485,0.5678507286056438,281.7638438217915,125.07240791787888,81.98762978081463,107.31991599372911,109.41162481142959,573,295
82,-0.00011099627218274647,-0.0003534603854261804,0.5032538642182546,0.4908981696825638,281.81014523898864,125.07346171956617,82.14600526518177,107.45303635341793,109.55851155086225,573,295
83,-4.996678743650197e-07,6.790050407812697e-07,0.5119366708840893,0.6534038579405537,281.81013565749083,125.0735728869992,82.14158606205815,107.44974709379714,109.5638832194516,573,295
84,-0.00011004320728467473,-0.0005138341994611353,0.5133919250151618,0.4941323148586847,281.7665000664116,125.05291661884056,81.87852219954448,107.2668559765729,109.2789481468335,573,295
85,-1.9468003898753544e-07,1.2910509317632074e-07,0.4641510199666899,0.635622215311311,281.7658435686878,125.05312525827753,81.88502381163664,107.25969177980892,109.28612417546663,573,295
86,9.68190735140671e-05,0.00015327473997733143,0.5025527039437543,0.47919561939398797,281.6997735828935,125.02895325482886,82.22051646108794,107.43139586476174,109.63940604016919,573,295
87,0.00010734030061829515,0.00012772154616367485,0.5235258387013981,0.44386365599071737,281.61661310764094,125.01398757223373,82.03961309787914,107.34589877835951,109.45964445233236,573,295
88,1.9877006426127848e-06,-5.117083101618442e-06,0.48556284771005687,0.6703098388243259,281.6191283383232,125.01681579985184,82.04227526843553,107.36090158842843,109.46957139054042,573,295
89,-6.418430688701105e-07,2.127400657399855e-07,0.4697777226816464,0.648726438334127,281.6178721755156,125.01658914303506,82.03860147306771,107.34589877835951,109.46519359895879,573,295
90,-3.56148693789305e-05,0.00024131092379518017,0.528946319242312,0.4372151613021963,281.6283731363621,125.00654494812818,82.18471322507173,107.4131688703523,109.60677966101694,573,295
91,-7.89696499580702e-07,1.4568118470477035e-06,0.5139259328871882,0.6609409944205359,281.6273786882094,125.0057966838254,82.1614931818854,107.4203863105274,109.60023663738279,573,295
92,-4.151424057760614e-05,0.0004696851090842761,0.5318424413292406,0.4469299390311331,281.6197364183433,125.00285742297851,82.08257461472476,107.31249149584406,109.50470612595025,573,295
93,5.556966347070415e-05,0.000677785310826253,0.5088290005961574,0.46806280026061853,281.6975723707092,125.0245082731952,82.31074037921141,107.40893897713491,109.78991333155855,573,295
94,-9.603084711941705e-07,2.446530647289077e-06,0.5497976693291085,0.7299003999070264,281.6994313630146,125.02574481842527,82.33065341497323,107.40299937882688,109.80993285414263,573,295
95,5.5562720029862394e-05,0.0004813879594749412,0.5039277787738248,0.40174469551434583,281.7340157425967,125.00212180283657,82.35198035909723,107.43201703789155,109.83457863756027,573,295
96,-9.88865617048185e-07,9.530544158524407e-06,0.48952743278583427,0.6749392770423838,281.7412087548373,124.9908163826096,82.39338006921643,107.44467713787085,109.8757772059041,573,295
97,7.361381333007657e-05,0.001036337033804595,0.5157878911216522,0.4790950447465646,281.72644732852325,125.03405944297303,82.42615434673293,107.41339959180051,109.92489721063686,573,295
98,-8.987658386599438e-07,-1.0060033794322291e-06,0.5146938949805729,0.6466450706708181,281.7276496064992,125.0339447538996,82.4256692400982,107.4189605702961,109.92809773123909,573,295
99,4.6551038175373486e-07,4.90376300151699e-07,0.48008864920195604,0.5004027430867124,281.72759851233013,125.0346453325721,82.42543260271542,107.4102700624131,109.93458751146213,573,295
100,-1.5043733928966436e-05,0.0006274300081740003,0.489317786707609,0.4706978745456709,281.7145021939199,125.01651261584956,81.91866181560032,107.18697902801195,109.45770402579348,573,295
101,-2.39485494922672e-07,5.782866625018003e-07,0.498109691359596,0.5586730672833057,281.71702700871396,125.01576788882954,81.99185375809743,107.14235513355223,109.51428402401869,573,295
102,4.437596766157885e-05,0.000758466572925017,0.5059711137014838,0.480227824026724,281.76180523574646,124.96733027677561,82.33534475108705,107.3138935723371,109.88834856686485,573,295
103,-8.139188318082629e-05,0.0003960312813830985,0.4802305802335331,0.44372723042583884,281.7854388558724,124.98763729489795,82.30973467033455,107.3506966012956,109.86337740704587,573,295
104,1.9062042198376915e-07,8.471415665485211e-08,0.48606582885691973,0.528178621205215,281.7878168084701,124.98781782061526,82.3132664832727,107.34768539059958,109.87195551217204,573,295
105,3.809188419590099e-08,-3.482686647684228e-07,0.49120919390117657,0.48183948619705613,281.7881767180303,124.9876283253448,82.322873961014,107.33883515248321,109.87862868636672,573,295
106,8.350861505991363e-05,0.0003347067089621083,0.47227768387222985,0.46303612851566595,281.78608005841807,124.98532441400309,82.07617357352028,107.25800573845653,109.6380157955453,573,295
107,-3.0377565719240815e-07,-8.291921026734749e-07,0.4604428876945512,0.5894433419854682,281.78469653450077,124.98536604401235,82.12573727334576,107.22882243322388,109.67858727482474,573,295
108,0.00018947486785916975,-0.0003686694852702592,0.5333628906723914,0.5460236426584996,281.7097138019096,124.96835555481123,81.50393113852161,106.86805099535599,108.94036737953678,573,295
109,5.545203747026042e-07,1.7238253941258254e-06,0.430435107552138,0.6657542399666538,281.7103166244096,124.96724233249475,81.48631348537285,106.87369479693555,108.92861833348123,573,295
110,4.823785363828463e-05,-0.00018183709565079635,0.5446029570658454,0.526128754586163,282.0234750474707,124.85893328260332,81.97175141242938,107.2899636170024,109.46658975951726,573,295
111,1.996200584724994e-06,3.0516657627611803e-06,0.5221126665536587,0.7811293591622078,282.0226129193972,124.85877334414337,81.96995888425474,107.28908805868608,109.46604549353684,573,295
112,0.0001277344397085915,-0.0007498677571662419,0.5303695523664732,0.45812917294047717,281.8303946756063,124.9628812637412,81.61968231431361,107.06518768302422,108.99679947939775,573,295
113,2.1410864533575182e-06,-1.530904352377596e-06,0.5353267859303499,0.7186710378687279,281.82969544056374,124.96370036082114,81.6140858402106,107.06491555003402,108.99849735261928,573,295
114,0.000660015102010054,-0.0011081079698698777,0.5100123816399081,0.48697582522345617,281.8432166728478,125.09553504859544,81.91629544177242,107.11934214807584,109.20791552045435,573,295
115,3.989793833329504e-06,-5.3474543473510474e-06,0.5367143340990771,0.7528691314045566,281.84050137735545,125.09102041458982,81.90852781968232,107.11743721714438,109.19996450439258,573,295
116,0.0011088653348304786,-0.0010866317774150002,0.5220371875602793,0.48607199483339425,281.79188030058043,125.15770976800479,81.76287751057474,107.1087644570651,108.96900050285444,573,295
117,6.800017251894724e-07,4.062937702455295e-07,0.4855051827072557,0.7586971741583912,281.7924711038603,125.15672112365736,81.76006152571952,107.11096518472506,108.96692400982045,573,295
118,0.0008132796052042816,-0.0007606239805925598,0.52163540800575,0.46729923652830124,281.85943093729264,124.99868370116623,82.38857041441122,107.61471884520957,109.59572277930606,573,295
119,4.588354326152899e-06,-8.206785842746332e-06,0.5802759185651942,0.7516907700188193,281.85706972613025,124.99785799416603,82.38424586624072,107.61400301712663,109.58920933534475,573,295
120,0.0008423625001575339,-0.0009414769922041215,0.47851673358108243,0.47847199022083814,281.93497699057843,124.73065563151202,81.9903156151093,107.75735794362114,109.31988049812169,573,295
121,-1.526286642444535e-06,-5.829278879979673e-06,0.5009439056812889,0.7170153965634316,281.93536212260256,124.73319322677547,82.00460851302985,107.76009110539238,109.33047593693614,573,295
122,0.0007773462859018281,-0.0011423817970686039,0.4881598972750504,0.4589825055771839,281.7898192809925,125.08808938244454,81.85560978495577,107.32111692844677,108.97267429822226,573,295
123,1.9894718501992396e-05,-4.588895595110398e-05,0.49683973603129916,0.7659194432422834,281.774056130977,125.09940020964498,81.95111663265004,107.3436329754193,109.05214896323247,573,295
124,0.0006414154340799605,-0.0015967079074921387,0.48707759057141664,0.4486663441725465,281.8524384513167,124.8478512626108,82.26972520483923,107.71716508415417,109.3226964829769,573,295
125,4.1812736325663337e-07,-1.2562721507649739e-05,0.5347345549479602,0.6691831808895443,281.8634391540219,124.84526688445324,82.30693643328304,107.73131599964505,109.35532286212914,573,295
126,-0.00012377946925575968,-0.0008263329509620227,0.3977414123542602,0.46066634236376885,281.92439269146024,124.94281570773042,82.23493950956903,107.60585085928949,109.23269737036708,573,295
127,-1.0917411897244603e-05,-1.6875368694639035e-05,0.504634078670828,0.683272278888321,281.9281397125962,124.93751978176009,82.29264945129707,107.62714230780608,109.28576921939244,573,295
128,-0.00041744573151872516,-0.00041645785740124637,0.4528680759526361,0.4974385382265085,281.93692625566445,124.87205930211657,82.09581447629189,107.59067648711805,109.0775579022096,573,295
129,-8.014926432081362e-06,-4.704425653054112e-06,0.46617917286014005,0.7371709329775622,281.9363288986277,124.87176932505834,82.11241458869465,107.59527908421333,109.09390954536043,573,295
130,-0.0001870179879905778,0.00016062188496302615,0.5292313722404328,0.5148174819274731,281.9295205698542,124.9925107723982,82.26992043068003,107.61419232703287,109.26898571301801,573,295
131,-8.088115294008086e-06,1.0957620331564872e-05,0.5123417838028704,0.6091245871464195,281.95903994332184,124.97773784711575,82.38571301801402,107.64933889431182,109.38116958026444,573,295
132,-0.00023959841713843425,0.00059011899393531,0.55163217061536,0.43036314609681897,281.9457108565287,124.98944894730619,82.22032123524714,107.54815274943059,109.22639690005029,573,295
133,-7.545357001671687e-06,7.566194071260006e-06,0.43145539844595354,0.7135165638154508,281.941340849698,124.98409028639263,82.27545182950277,107.5664448191203,109.2726476765167,573,295
134,-0.0008789065778099462,0.001138943722721834,0.5435095563936038,0.48381460758549755,281.8817707257219,125.10034671874548,82.3023101724495,107.46745348596444,109.3225781642855,573,295
135,-5.888292297873707e-06,1.681167297786661e-05,0.49089216566370864,0.6380330677369275,281.8893706520108,125.07915834875797,82.41328127310912,107.50808412458959,109.43209986097554,573,295
136,-0.0001763788888056374,0.0008754217641322029,0.47077735041884294,0.45734777314698843,281.84880390471454,125.11189825720872,82.06811015470169,107.36002011417753,109.13650427426272,573,295
137,-4.928753855082762e-06,5.823587019729287e-06,0.5345478863592386,0.6982607062391507,281.8513548477413,125.10799298541475,82.08743159700654,107.36156417310025,109.15154257993906,573,295
138,2.220011448002412e-05,0.0007377182206748161,0.4490405223249668,0.5167768693607498,281.8621281623266,125.14019751422424,82.32629337119532,107.42514863785607,109.40454935368415,573,295
139,9.512177870706307e-07,1.4348747672122367e-05,0.5250349530570557,0.601044767312403,281.866601969176,125.11469579620763,82.44017511166327,107.49706273848611,109.52794983287485,573,295
140,0.00014899499028578732,0.0004911929667305168,0.4266788954926961,0.44684614731098304,281.8862439170221,125.12714911624361,82.33443961309789,107.42702398911469,109.40890348152749,573,295
141,2.7848170154940475e-07,1.4413908981657763e-06,0.5086174872224452,0.527218695887562,281.8883865763544,125.13700054818028,82.32079746798,107.40783861330493,109.39897654331943,573,295
142,2.6266387984488563e-08,-6.891939429924207e-07,0.6820460432479395,0.7087145492117315,281.8830622112344,125.13439511853572,82.3162776939687,107.40588635489692,109.39297778566569,573,295
143,0.0004138258243181004,0.0007484614364734143,0.4788078682960086,0.5004280686601236,281.9719447938412,125.08236659622858,82.77110065962671,107.61380187535126,109.85129115271985,573,295
144,0.0007059607906580567,0.0004979221861588673,0.5003093941593767,0.4707040109683446,281.9514074729511,125.12207520292843,82.13053509628183,107.30426834679209,109.22227349365517,573,295
145,1.9891312598470102e-06,5.631427622979851e-07,0.4985167133684297,0.7021321306358609,281.951312824051,125.1232543015789,82.11837785074097,107.31024344070755,109.22016742094833,573,295
146,0.0006175857316490744,0.0006874374883598254,0.5744091707706793,0.4838883281942502,281.99662180998496,125.12203624223339,82.37933564054782,107.43965450942113,109.47057709941728,573,295
147,-2.998368350540909e-07,1.0115297228637921e-05,0.5510672248675149,0.6617786495000545,282.02823479149305,125.09069729987253,82.50443990889461,107.50112106960097,109.6017806963055,573,295
148,8.254957929348251e-05,0.0005714986681059255,0.5779899156956372,0.4280409915315205,282.0576502654171,125.0898193512186,82.40887390185465,107.48669802111989,109.46250184872956,573,295
149,3.933728099216214e-06,1.4670849470232117e-05,0.44091666075621255,0.7197773854992044,282.0675589936343,125.08785869362842,82.44969976632058,107.50190788889874,109.50472978968853,573,295
150,0.00023073296358238672,0.0011981919251356124,0.540780987936642,0.4795928971317218,282.1803163332142,125.13501555500092,82.70304966427071,107.61093264708492,109.71640784452924,573,295
151,1.1382179144078651e-06,2.2424854733508747e-05,0.5678949231893187,0.626937735537871,282.2019835515696,125.13107732668082,82.81087348773923,107.64093826722277,109.81906705711835,573,295
152,0.00031528085213821424,0.0008915150276209224,0.5170181920294586,0.4300044346743749,282.2356050869388,125.14479408916267,82.45569852397432,107.60566746531784,109.47587777679179,573,295
153,-3.2060248860626343e-07,4.0366194108505536e-06,0.5228632102438785,0.64279056232458,282.23487406200616,125.14049369867445,82.48332593841512,107.60407607891857,109.49320554914662,573,295
154,0.0002856527488693217,0.0017275063965438973,0.4941339508527169,0.48827813695773387,282.3588912853473,125.2286038545933,82.94126660159138,107.7749341852279,109.90278344721507,573,295
155,7.954664054091407e-06,5.801244521454447e-06,0.5253351845665619,0.659263616534447,282.361136092151,125.21163912754338,83.17856065311918,107.80261484307984,110.12942290058272,573,295
156,0.00023695310121377383,0.001625593503133398,0.4924403862081377,0.4735025066932394,282.3994684704555,125.25753724644379,82.90055905581684,107.80891531339664,109.88313071257431,573,295
157,1.5507077942143315e-06,4.333692049170352e-06,0.5028914900911717,0.6601911462313729,282.3791098226046,125.24645275347105,82.98653533291922,107.8193687697814,109.95692608039755,573,295
158,0.0004650864948456775,0.0014961459357960016,0.48800985935901403,0.49666288189068153,282.53031214343207,125.32539691247935,83.13274765581093,107.85686987901914,110.13975212234153,573,295
159,7.183632656951704e-06,1.0443612314118833e-05,0.5060268397445914,0.6497074717573554,282.5576210798916,125.31151101293366,83.28969739994676,107.86799183601029,110.29112905611264,573,295
160,0.00017650050341359736,0.0013249409754647376,0.4542830670848038,0.48107922918674256,282.49247755909073,125.38874254589295,82.8930339870441,107.83359067648712,109.94092347738633,573,295
161,-1.5232951736040802e-06,5.5875035804915766e-06,0.5555244446836304,0.7519136049479485,282.4979502661267,125.38718226995748,82.90501967048245,107.83451356228,109.95029431774485,573,295
162,0.0004228565866884682,0.0010437065834987102,0.4199276394181663,0.5230990180131964,282.4468895403801,125.39408653565343,83.40008282308398,108.08689324696068,110.48314846037803,573,295
163,1.2234569393681723e-05,6.721454628516346e-06,0.5011032129340838,0.6996751859533372,282.44468887045,125.37970889945191,83.51969118821546,108.13972845860324,110.61008666844145,573,295
164,0.0006345849846000858,0.0007554804469372681,0.4674604785990179,0.4710227990331495,282.47378888952426,125.36925033368247,83.37658473097288,108.22667494897506,110.55114621232289,573,295
165,1.7813789622347353e-05,4.578972773370089e-06,0.5630069912448609,0.7974253533060044,282.47325269706334,125.36896113433227,83.41455319904162,108.23616410802497,110.58615671310675,573,295
166,0.0007950631668632074,0.0004300207135195367,0.4786281278161875,0.4905449417620652,282.3672579536821,125.45328365532491,83.37030792439435,108.12737007128702,110.52718667731534,573,295
167,9.56792598323675e-06,-3.619694519141008e-06,0.5858768057346617,0.7649803959406781,282.363195543028,125.45472318932302,83.40598100985004,108.13147572987843,110.55178513325643,573,295
168,0.0006432749501394248,-9.762338569784989e-05,0.5113137489279124,0.49779534955607024,282.4375203790474,125.24338572826628,83.39077114207117,108.61494365072322,110.76099624338154,573,295
169,6.391318554090666e-06,-6.585301683926546e-06,0.5471260856126338,0.7509744235057929,282.43762631665555,125.24174425214365,83.40188126719319,108.61703197562635,110.7664448191203,573,295
170,0.000780126009977459,-0.0003582248696249431,0.4945572144923641,0.4631067331428035,282.34879537034914,125.29593200983244,83.34263909841157,108.38500902180022,110.65465140355548,573,295
171,8.671983033965678e-06,-7.363420578157514e-06,0.4771206683638502,0.622416888510233,282.34802024672206,125.25684826486687,83.51288194752566,108.45837252639986,110.8156121513296,573,295
172,0.0004823792477533559,-0.0003961848237145097,0.5097647777495905,0.41288377164870765,282.386196115,125.31739103344415,83.325417812879,108.37783890910167,110.61793711361553,573,295
173,1.0569186130981011e-05,-1.1235958096783938e-05,0.41258789401712714,0.6906724480520993,282.38365750178457,125.31339264442606,83.37302333836188,108.39128582837874,110.67115686100512,573,295
174,-1.333029752070419e-05,-0.00030681821739337174,0.39765033159342167,0.4406761989870424,282.3752716432937,125.3187051320407,83.34895731653208,108.35907948058095,110.6356080101754,573,295
175,-3.71436735254884e-06,-1.5248077990823649e-05,0.4797079444395659,0.6568250084036218,282.36775592428677,125.30187283006423,83.44005679297187,108.37151477504659,110.71975034756116,573,295
176,-0.0005351596482635365,-0.00018301477760868893,0.4810172645301333,0.4838537780038029,282.38767116190485,125.31680097721451,82.92650634483982,108.16169432366078,110.18951104800782,573,295
177,-3.395344033041292e-06,-8.23099734108731e-06,0.4706513560830059,0.7479419257789409,282.3863315750959,125.31786504645483,82.93583577365634,108.1645280563197,110.19445676930813,573,295
178,-0.0006187455089014737,-2.7201788056900734e-05,0.4842819932644485,0.48207004684344795,282.3594514818589,125.38156436279368,83.14303546602774,108.18112816872245,110.37456739728458,573,295
179,-1.9743163975300898e-05,-1.241227720702215e-05,0.5303510023461993,0.7116479606997377,282.3736848673139,125.37077050459551,83.25962670452864,108.20314136125654,110.48696423817553,573,295
180,-0.0008001478668405712,-0.00044334180556348065,0.4535309597046078,0.4866068524695855,282.3025543513247,125.4120736276281,82.90536279468749,108.07254710562901,110.1163191055107,573,295
181,2.1834842148574784e-05,-2.5782474200600707e-05,0.5267243246896581,0.6949666249815196,282.2930547364852,125.39657291745687,82.58514508829532,107.9656816635608,109.82764516224451,573,295
182,-0.0011973385528963483,-6.183157892848567e-05,0.49699246645100864,0.49003317257336115,282.2696491745538,125.46865101463983,83.01877126038985,108.16533853935576,110.23893276540362,573,295
183,-9.214465352306177e-06,3.5197732633364786e-06,0.5690984337037722,0.8315394884183459,282.2663349098654,125.46213238511191,83.01103913390718,108.15639364628628,110.23294583961902,573,295
184,-0.0013267584805063647,0.0002005633362727299,0.49829758543626124,0.5015838430527679,282.24700958228107,125.51385279730329,82.98387316236283,108.14934776821369,110.16964533972255,573,295
185,-6.379899553441804e-06,-1.4555116923428355e-06,0.49400644641385705,0.7500568051486474,282.2462824012401,125.51032651107045,82.9780459668116,108.1480935900849,110.16504274262726,573,295
186,-0.001483245543256984,0.0006164192906815267,0.502881129716239,0.4954292555154559,282.19482292766116,125.59124565864599,83.24387848670393,108.26734108320763,110.43418226994409,573,295
187,-9.538588242456809e-06,-3.2899526813397924e-06,0.404138613608123,0.8156426649369796,282.1977726107794,125.58858863383112,83.23989114680391,108.26676723755435,110.42876327387819,573,295
188,-0.001667740758911127,0.000754027915427195,0.5062649366332971,0.4947665628953214,282.1314482470062,125.66906312132264,82.98125240334842,108.18741089123554,110.18602064661165,573,295
189,-1.9840166674889383e-06,-2.519282369418996e-07,0.49467467603235665,0.692425909916819,282.1326407243383,125.67022604392427,83.03320614074008,108.14948383470879,110.24385482296566,573,295
190,-0.001295215431200611,0.000381515166109891,0.5013650183259932,0.4886066486597005,282.17223424662524,125.57437694859746,83.76170023959536,108.73427396692992,111.02494158014612,573,295
191,-5.655445164500227e-06,-1.5568774080513824e-07,0.5691904913214448,0.7561875723399174,282.1713250642059,125.5717905753894,83.77136687668235,108.72117608779247,111.03581506788535,573,295
192,-0.001331887036827388,0.00020615796210741332,0.501189445149266,0.49046207941146386,282.1176399664357,125.56775436965656,83.71437867897181,108.77733013872867,110.92421687816133,573,295
193,-1.2148618424204183e-05,-3.8013194202003657e-06,0.5733134832743458,0.7795643065989994,282.112818729089,125.56761718454092,83.70361167805484,108.78376667554056,110.91454432513976,573,295
194,-0.0009473741803205962,-0.0003490301810740832,0.4765794190680094,0.4659821322526493,282.15898722327506,125.52586603840554,83.80526518176708,108.74430147602567,110.95884284319816,573,295
195,-7.713212385327899e-06,-3.13687854772357e-06,0.5438899706204311,0.7709568147855157,282.15854544444755,125.52248274138458,83.80085781051261,108.74215399177685,110.95230573549857,573,295
196,-0.000988457717574803,-0.0014857945168237476,0.49663576088244504,0.5070505934305167,282.1258264402842,125.42023937277139,83.41065459816015,108.52078563611086,110.45098352412222,573,295
197,1.3640626182710367e-06,-1.9529911485500753e-06,0.5754900889891149,0.795549647285234,282.1258591739863,125.42419573437799,83.41606767829148,108.52340639512526,110.45446800958382,573,295
198,-0.0002508910719917366,-0.0015131852448115849,0.48449227391868616,0.49003118322064937,282.1469425391443,125.34407204921483,83.67472416955069,108.48668027331618,110.61298547638063,573,295
199,8.612744983676511e-07,-2.1422509384649973e-06,0.5573707874905924,0.7068650332950517,282.142492502717,125.34235755969611,83.67338125240335,108.48608276392463,110.61097405862691,573,295
200,0.00014690031747486673,-0.0017212377801251557,0.4880660493449028,0.4965928677000842,282.0770119910114,125.33987986001523,83.47168929511639,108.30016268820067,110.32279113793001,573,295
201,-5.407134658812703e-07,-4.952003725079436e-08,0.5223122276058785,0.7490692154979354,282.07571162706205,125.33958368483401,83.51731298251842,108.26678498535806,110.37249682018516,573,295
202,0.0003057951636527317,-0.0017173454556917921,0.49652523415728583,0.4611452898297974,282.09671695467387,125.33232309405757,83.65182358683113,108.33779986393351,110.4207176028633,573,295
203,-1.1723840891033313e-07,-1.421246790908384e-05,0.5339032759779794,0.7603303064105955,282.0965202096106,125.32844176051792,83.68064010412044,108.31153311444375,110.44957553169462,573,295
204,0.0001851581143258232,-0.001613008678760451,0.4708567473549218,0.4978927389263607,282.12203192156016,125.32173664903041,83.23147868784571,108.0946963646582,109.95689058479013,573,295
205,3.380090962748979e-06,1.5241856949050035e-07,0.5302827372695874,0.7107530403714786,282.1231162599967,125.3233778840277,83.26358446475582,108.07924394356199,109.99029195137102,573,295
206,0.00019626705471494587,-0.0010341389638186423,0.45845518514256167,0.4764829152385934,282.1457196305779,125.31262068889251,83.50282485875707,108.18100985003106,110.19138639926642,573,295
207,1.1577044771319853e-06,-2.3216252577394144e-06,0.5301107992494489,0.7431715018623423,282.1446848560883,125.31183573198237,83.52931049782589,108.1567012748839,110.22151033809565,573,295
208,0.0003783299759224899,-0.0009699465645843285,0.49986532472955486,0.48676370776043015,282.1262406689049,125.37572910673968,83.07758748188245,107.88273434495814,109.72025911793416,573,295
209,1.4415244457158575e-06,-3.5498336003320757e-06,0.5408790917436377,0.6694372537732242,282.1245625030439,125.37680325021196,83.13287189043689,107.84552311651433,109.78011654391102,573,295
210,0.00039630762340652756,-0.0002942684267719506,0.500222716925305,0.43753201664822666,282.17874293604626,125.36693918767268,83.26706303428284,107.92710385423138,109.93863401070784,573,295
211,3.7735221179492046e-06,-4.849400647411845e-06,0.5384354025347371,0.7283339055089569,282.1781307118093,125.36539897474853,83.27921436388914,107.91508267518562,109.94975596769899,573,295
212,0.0003901943042994209,-0.00011713215563543786,0.5339402736324798,0.4631687922481494,282.1607071411742,125.33634828981464,82.80971988049812,107.73731475729879,109.51783950069512,573,295
213,1.962024398178011e-06,6.60995819528773e-06,0.42774093028484356,0.6848279284756784,282.158661565263,125.33866893242698,82.88178187949241,107.68915904990091,109.60207649303399,573,295
214,0.00010568716806310894,2.866366947602614e-05,0.5186707888320585,0.5483393899119032,282.1898194355364,125.32453976678362,83.00662584671814,107.74744283728222,109.76007927352323,573,295
215,1.629234539582275e-06,-4.3562670255397955e-07,0.5094893785806625,0.710076820229538,282.1876312771665,125.32364702669679,83.04688969739995,107.71189398645251,109.80966663708699,573,295
216,0.0001389843460418158,9.671353296373181e-06,0.46407799614014666,0.5373587743569053,282.2257980828566,125.30446003178513,82.92253675274351,107.63174490490135,109.72653592451267,573,295
217,1.5870627780942902e-07,2.0997976270763475e-06,0.555808881494042,0.6792004052821097,282.22587034410975,125.30462857729178,82.92673706628804,107.62522554500548,109.73581802585264,573,295
218,0.00019345905556047508,-1.284236386464446e-05,0.4676449823221478,0.4578685743334353,282.24271285575327,125.27776346667957,83.00204691336114,107.75482000769071,109.88623657822345,573,295
219,2.3793247537653245e-06,5.562154298932544e-07,0.5356864867879586,0.6091210036012714,282.2444240407612,125.2780754488041,83.04747537492236,107.71770935013458,109.93963380365012,573,295
220,0.0003166307259472369,-0.00014506865172624653,0.5005433897799464,0.49501712897110156,282.2308743735058,125.29135215663898,82.70372408081167,107.5407755790221,109.65353329192179,573,295
221,1.4822201741034703e-06,-4.67891792718814e-07,0.45934037235529235,0.6738685844612168,282.2313255216017,125.29082686357127,82.75136510190197,107.50528588753808,109.70386606324134,573,295
222,0.00014942760370543007,-0.000513474068781447,0.5929806022142333,0.49517379706497405,282.3002387228261,125.29128527041117,83.01510929689118,107.57107107995385,109.99318484337563,573,295
223,4.2029621315235587e-07,-2.7109922681577027e-07,0.45008794097156346,0.7573434527687289,282.30088338642776,125.29132470376835,82.99416688851421,107.57997456148135,109.98363652498003,573,295
224,-2.8332166816830657e-06,-0.0013707012924929266,0.5232705275604459,0.5020057843196595,282.3161877994969,125.31642843692472,82.70224509716923,107.43374449078593,109.69447155914456,573,295
225,1.0586943090013164e-06,6.123562024168192e-08,0.5564122182554633,0.6522806435208656,282.31549371571487,125.3175763641021,82.75953500754282,107.3963794480433,109.74650220368562,573,295
226,-2.5304738760778365e-05,-0.0014352399415485518,0.516330623014904,0.49952529877659385,282.4007333646639,125.27093358544664,82.79159937291094,107.3802585263407,109.82779897654332,573,295
227,-3.377791749517141e-06,-3.1558297646048094e-06,0.4917867858044407,0.6738805357301773,282.40158894359007,125.27199925722881,82.85623687402017,107.33999467565889,109.87697814062176,573,295
228,-6.031594693305114e-05,-0.0018688217097916583,0.497968627647822,0.4972494517921132,282.66093053243304,125.23877889345016,81.54766764279587,106.67853403141362,108.49998521016357,573,295
229,3.866523381578e-06,-1.0982202308035292e-06,0.518569386550083,0.7212155829761954,282.6577302616656,125.2449340845786,81.59414322477593,106.65692312243027,108.54368621883042,573,295
230,3.7848544129816347e-06,-0.0021881556197084675,0.5004144027785338,0.48459934619413036,282.66823423391054,125.24902281265673,82.02310172449492,107.05337947762298,108.92873073623805,573,295
231,-7.348555347347006e-07,-1.586060251797441e-06,0.5387054973147026,0.7200745184219556,282.66630939693954,125.24773316764696,82.01601443488035,107.0535096281835,108.92237110657557,573,295
232,-0.00018062840985267733,-0.0019886711403970005,0.4757555641450757,0.4847694044810136,282.6789513859504,125.25301977928233,81.69724613245778,106.7931138521608,108.52087437512941,573,295
233,1.9595963349814396e-06,-5.534194413219808e-06,0.5439697902234601,0.7807879880737517,282.6783810771382,125.25211478185959,81.69535894933001,106.79431478687846,108.5130120980862,573,295
234,-0.0006612920506516028,-0.0016855039565713173,0.4912450452402664,0.48063801682050966,282.76910780884543,125.25285622394046,81.96923122430266,106.8838583725264,108.72021770639216,573,295
235,-1.9248435760257776e-06,-5.190942028739139e-06,0.58435704385885,0.7234273590697433,282.76477040203423,125.25026014738913,81.96260537758452,106.8838169609844,108.7155736977549,573,295
236,-0.0005768132303820266,-0.001576468040962591,0.4698228076020614,0.49984049655623497,282.8326371666657,125.25370094402291,81.40428313662851,106.60566746531784,108.10987665276421,573,295
237,3.790918153684836e-06,-2.4856669811485994e-06,0.5123214707894247,0.7549668960765911,282.8310199369013,125.25566669323186,81.4016623776141,106.60964888928328,108.11110716715473,573,295
238,-0.00041486092412639837,-0.0011420469700531778,0.460388082723502,0.4769071587890915,282.87628945332534,125.32276702633861,81.81374271600556,106.75634040287514,108.43021267784778,573,295
239,-9.550607155725001e-07,-7.735469916073557e-06,0.5592210786797143,0.7681330783987032,282.8714849842297,125.31635439528391,81.80534208891649,106.75021149466087,108.42356908332594,573,295
240,-0.000722021633611505,-0.0009211752251377609,0.4826177610875395,0.4875054111573534,282.9414689383273,125.34700089277304,81.36884077262106,106.63731771526606,108.01172538231727,573,295
241,-2.4731153885069823e-06,-4.160558328342711e-06,0.5122422564917065,0.7129365377404325,282.9478397183505,125.35070414925896,81.38272547105629,106.64115124086727,108.02286508711214,573,295
242,-0.0008577227073609351,-0.00016052841970258286,0.4902023747411644,0.48198811129243535,283.02737175666215,125.36965148726286,81.61774780370929,106.68243263229509,108.20102937261514,573,295
243,-1.9430682510843542e-05,-1.8729880422930934e-05,0.5251893865990876,0.6658611057970559,283.03671583032866,125.35691678736414,81.74813500162688,106.7282515455379,108.32442393587127,573,295
244,-0.0006084294069542884,-0.00016236163024442344,0.4693972120986757,0.486218702547798,283.0465196337312,125.37045565966201,81.4124826219422,106.53624397314165,107.9464489602745,573,295
245,-5.039325540647277e-06,-1.1007456241315569e-05,0.49948979636522006,0.64435124575921,283.01656707963406,125.34632201636589,81.47333984086136,106.56400745407755,108.00285148046262,573,295
246,-0.0005902110033264324,-0.00010303188706146752,0.5076221239380596,0.476219112287311,283.1625468445617,125.38627144412322,81.67272458366611,106.5464489602745,108.15613926109977,573,295
247,-1.5812863356381074e-05,-1.7177071058735015e-05,0.4593023685447009,0.7225048281569229,283.16067681902393,125.36479384768194,81.7567190226876,106.59135681959357,108.23525897003579,573,295
248,-0.000504608447578329,0.0001428672373937093,0.4964335989541117,0.45875419133073486,283.26037528041877,125.39856519524785,81.50663472061999,106.51578667139941,107.96422042772207,573,295
249,-1.3849030341304866e-05,-2.6570280726773755e-06,0.5013140696452755,0.6555797232389131,283.2723116145345,125.39001049672169,81.58236459904754,106.53748631940131,108.03357292868341,573,295
250,-0.0003148336279904229,-2.333087352517045e-05,0.47868848878311054,0.45678750507287114,283.31481752002395,125.42953896744058,81.60847753423847,106.49330612003432,108.0545863282752,573,295
251,-1.8940767805576234e-05,-1.0457937494910843e-05,0.5058955524679329,0.6531436340830596,283.3362421607644,125.41412035824231,81.68367497855473,106.49574348507706,108.12111692844677,573,295
252,-0.00031516633546585136,3.805240225934433e-05,0.5403214357317855,0.47910345435833956,283.403667504914,125.42946498962472,81.21184370100866,106.24028751442009,107.6436122696483,573,295
253,-6.839992634310757e-06,-8.447806710467931e-06,0.5141014881220783,0.6760122116964754,283.40492515657115,125.42567316326443,81.17220102345668,106.2768539059958,107.59183009435915,573,295
254,-0.00021227891649218026,4.6252996259773575e-05,0.40783761954158365,0.5259403956130942,283.46748330336777,125.39088445603588,81.64494927086106,106.4616913656935,108.04168959091312,573,295
255,-8.277255290070522e-06,-1.1664732991187072e-05,0.44132906374543324,0.6774763607333276,283.46968856313316,125.37916220810092,81.6865382908865,106.504049457213,108.0734877392256,573,295
256,-0.00017581950178011788,-0.00031945954503923246,0.41633947024597256,0.5221845881256789,283.52135837392296,125.37690840692197,81.69922797053864,106.54612949980773,108.066992043068,573,295
257,-5.0390686843962954e-06,-1.425367070644776e-05,0.4361241550495754,0.7141508263397394,283.5249791601014,125.37733723446918,81.71284645191824,106.55745259857426,108.06907445203656,573,295
258,0.00021613298623197945,-0.00023919250248266924,0.470321720883045,0.45397074504946816,283.441563703194,125.47249254980058,81.82618392640578,106.56616677019552,108.18358919750348,573,295
259,3.918401083679151e-06,-3.0461594720231614e-05,0.5080285705286874,0.6792201321421202,283.44583218117,125.4708673024016,81.85726033070074,106.59271748454462,108.20378028219008,573,295
260,0.00025793693103792525,-0.0006018187409050562,0.488507079548108,0.4545196517393783,283.4458642955105,125.53829365081626,81.43650131629545,106.28439080663767,107.7479161120478,573,295
261,-2.8174362549295093e-06,-8.719616927147337e-06,0.49890189266187296,0.7067456449106622,283.4496656006342,125.5386158091446,81.38877155618658,106.33200816398971,107.67370071287012,573,295
262,-8.433896941880993e-05,-0.0007233597497512027,0.3897185616637316,0.48916445423777477,283.42830519312747,125.49456085167554,81.89765433194309,106.47614399384743,108.18082645605939,573,295
263,-7.199469749160686e-07,-2.6050160810076006e-05,0.47210809223341604,0.709147953963334,283.4226689092825,125.48174620791966,81.96756884668855,106.50482444464164,108.24457656698317,573,295
264,7.213349801321844e-05,-0.0009135954409614282,0.36804168107442353,0.49561795792295466,283.3670453851893,125.55623855053796,81.67845120832963,106.26967787736268,107.91463898009287,573,295
265,-5.09230408787774e-06,-1.8970142656462838e-05,0.4337525595953939,0.7102098607687173,283.36217789678363,125.54775664158174,81.66490371816488,106.32259591208921,107.87835655337652,573,295
266,0.00025348927398889984,-0.001024181000117952,0.4042381796603031,0.47038582167451537,283.37777679709427,125.52564844346952,81.8651344396131,106.36598337622385,108.05275830449315,573,295
267,8.222707241726697e-06,-2.322234821716118e-05,0.4784207338399107,0.6418524109628533,283.36803189633156,125.51991885921156,81.87512645310143,106.39051675688467,108.04067205016713,573,295
268,0.00028366770865726073,-0.00022349523388742921,0.5024981376981814,0.44041423018903675,283.29766845773884,125.52888311553926,81.27500813441003,106.02836099032744,107.48143875528737,573,295
269,-3.7447917669465027e-06,-1.1069277397588337e-05,0.38637351239090345,0.7143917981584352,283.29404274409575,125.52614736874806,81.22830774691631,106.07185494128434,107.41568905847902,573,295
270,-0.00019821306454786007,0.0007335509542265815,0.6050360216749244,0.5103487428167,283.24357637854575,125.49548947475893,81.83482119087763,106.41862336202561,108.0847398467773,573,295
271,5.302846314169502e-07,1.4616169659136212e-05,0.48484164953294756,0.6950872298126333,283.2434002458991,125.49224467854408,81.87929127103854,106.4942467536309,108.13117401721537,573,295
272,0.0002041983779699246,0.0007264573345768839,0.5428557104320226,0.4301444176528923,283.2428509295117,125.54053920793014,81.6811015470169,106.24897802230308,107.93356405478156,573,295
273,1.127807849185675e-06,-1.8557530204531293e-07,0.48325895119092527,0.6948443525055983,283.23953325550275,125.52997028131149,81.67688348566865,106.30535096281835,107.9156328571006,573,295
274,0.0005468991135301069,0.0009134902412855688,0.5059303524287336,0.46384994822269177,283.2416672480721,125.52126017866684,81.96216759842636,106.41671251515959,108.24877096459313,573,295
275,9.600139475375766e-06,1.109475600786355e-06,0.530602221815255,0.6436006927012616,283.22543434593746,125.50973294230909,82.05320199958588,106.45117874996302,108.33523234833022,573,295
276,0.0005714891887544541,0.0009497968400583546,0.49361047784530876,0.46846362084188764,283.21209148302063,125.5594870605729,81.57565001331085,106.25974502322005,107.90044073712545,573,295
277,2.793442000111769e-06,-1.3117691062879944e-06,0.5487965265144809,0.7114321691119858,283.2188366294546,125.55450589614141,81.49063211760878,106.32249534120153,107.81874168071701,573,295
278,0.0004568336543558876,0.00102736746205726,0.4930003087490303,0.46185211070661675,283.2005159583658,125.5290233531733,82.04419203123614,106.54386961280208,108.41073150530956,573,295
279,6.795902838924507e-06,4.386831870842358e-06,0.49599205974018956,0.6555856517738029,283.2187844570965,125.49750125994278,82.16197828852013,106.62859171177567,108.52309876652764,573,295
280,0.0006353679633134552,0.0006571802726909789,0.4908423596237454,0.4553156043107704,283.19661784173843,125.49080442638449,82.0397373325051,106.55121128760315,108.4360576212027,573,295
281,1.150525856739724e-05,-4.5393599299861407e-07,0.46920189935116496,0.754082460193496,283.19378706044745,125.48806936055017,82.0732333540391,106.58050699559263,108.46563729405153,573,295
282,0.0005968948016425229,0.0004280513837403307,0.5381530405557045,0.45584409461018455,283.16276258344806,125.4944395726589,82.24446416422634,106.63841807909604,108.63531221344692,573,295
283,1.9979919111789965e-05,9.573760944579998e-06,0.5094406049714981,0.6856402057758769,283.15105758491956,125.48607330089672,82.29598012245985,106.67060667909013,108.67410299642086,573,295
284,0.00043924519591297665,0.00013289790159846305,0.4838904722509479,0.47610385918461123,283.1028099490396,125.44105141947063,81.74305912976602,106.40460259709528,108.14239062915964,573,295
285,-2.002671716649274e-06,3.938188841740752e-06,0.5086497796311643,0.6531110770440639,283.0977592150872,125.44295192938841,81.67545182950276,106.4506167361789,108.08923004111574,573,295
286,0.00042060271490663683,0.00022550506600953565,0.5433512415447038,0.4136700998972211,283.1208100857666,125.44071187815423,82.01517437217144,106.59799449818085,108.489845298311,573,295
287,1.7672458685356473e-06,8.490873501970862e-06,0.4825367124723311,0.60929655931761,283.11325679494,125.44280899641421,82.06886739432662,106.62016742094832,108.55477859614872,573,295
288,0.00010257183264099778,0.00022769714787901433,0.6162003822125285,0.43029389077990127,283.02244907072674,125.47612522891939,81.69918655899666,106.47169521105097,108.2393291330198,573,295
289,-2.3811527109505645e-06,4.817591859967393e-06,0.518487343740535,0.5848203724559634,283.022038926399,125.46392519925068,81.69996746235987,106.52828112521075,108.2555683734138,573,295
290,-0.0002744627912833414,0.0002640680631753652,0.5565919649121819,0.4400869759735681,283.03610038836797,125.4735733458611,81.86384476587689,106.55958233501937,108.42713047593693,573,295
291,-6.501292441619213e-06,9.939966332969712e-06,0.5252272899444835,0.5832290904297488,283.04468681708266,125.45202718235342,81.90248173455201,106.61256544502618,108.46322359274707,573,295
292,-0.0002117296652374422,0.0004101826873083033,0.5674519785379677,0.4696589780542143,282.98062860753487,125.46919391980545,81.50113881740468,106.38388499423196,108.11278137663797,573,295
293,-1.7822521641492925e-06,-1.8599860439894739e-06,0.4785320234273341,0.6776571425851187,282.97753695314185,125.46827235676528,81.46021238205105,106.40711686928742,108.08162214925903,573,295
294,-0.00024635707156349184,0.0007926210080101637,0.5575636972263691,0.5340078818056763,283.0015204666903,125.43006614987262,82.05972135948177,106.71431951962612,108.70612003431242,573,295
295,-1.697823728388397e-05,2.660633406255565e-05,0.5165969436179758,0.7391501008911129,283.01662258838445,125.43044642894033,82.11505901144733,106.79204898393824,108.76727896589463,573,295
296,-0.0004449613138802706,0.0007921668006348056,0.5520591922986468,0.46225044376316565,282.98888819022886,125.47002544633045,82.0334191143846,106.69374981512705,108.68727186677316,573,295
297,-5.104242677092297e-06,2.4206646461012347e-06,0.5034051752802959,0.6622569207872113,282.96565781533303,125.45871004848594,82.03180998018162,106.75033572928683,108.6797704617387,573,295
298,-0.0006372622026640572,0.0011612111848642007,0.5211004500068173,0.49678583680575505,282.9979830817823,125.46093643059449,82.326902712456,106.87913745673973,109.01880084006271,573,295
299,-1.5471522852135585e-05,1.3745706736237903e-05,0.5509756623728932,0.6936891644208397,282.9984192605768,125.44857711425027,82.45855000443694,106.91300026621705,109.13757505841986,573,295
300,-0.0006845611654632585,0.0009259652193045463,0.5522384370841046,0.47604452676030873,282.98829964993246,125.44289875769404,81.9673262933712,106.7348478125832,108.70486585618363,573,295
301,-1.634957287003423e-05,8.12588349244875e-05,0.49802698545540486,0.6898524014005574,282.9684907235628,125.4121016913526,81.46025379359304,106.70153518502086,108.25930132812731,573,295
302,-0.0002059839784649355,0.0012314925564871069,0.4896783637837445,0.481294865021389,283.0705788365127,125.33579092576488,82.41264235217558,107.28353299612506,109.30106782618984,573,295
303,-4.013796378860017e-06,1.4966453522431332e-05,0.5173635024355375,0.7219732740784823,283.0677030020711,125.33219676738175,82.4135593220339,107.27855177921732,109.29841157156802,573,295
304,-0.0002887341089210711,0.001341340320335508,0.5006267571610564,0.4705613740841313,283.01672416488134,125.33387781518647,82.44142928979205,107.35109888484634,109.34933002040998,573,295
305,1.4839260130561766e-06,5.522367194774505e-06,0.5398035084116698,0.7272903129965415,283.0175677837456,125.33561317980472,82.438583725264,107.3521637530689,109.34661460644246,573,295
306,-0.00016553340193646476,0.0015168098226335904,0.495130466549225,0.4865653566432967,282.98407158775325,125.32892265157348,82.75552991983909,107.42781672434703,109.7118170793031,573,295
307,-2.3903485494998753e-06,1.0992179971993641e-05,0.5649405538537716,0.772754994704214,282.98256048562183,125.32635151318112,82.74667376578815,107.42958558878338,109.70349335936345,573,295
308,-0.0004416890342197225,0.0011423667797212972,0.5126411291022387,0.4970681440675145,282.9914621621777,125.30221351601278,82.39349838790783,107.27253527375987,109.42868636672878,573,295
309,3.234137540165605e-06,2.141660966679942e-06,0.5601364291935329,0.7310098837205564,282.9935569898263,125.30606906033239,82.4290354068684,107.2590291951371,109.45722483509333,573,295
310,-2.299518867778202e-05,0.0012702628778588885,0.477155826754917,0.4662738628122794,282.97509762409265,125.23215866744378,82.75656520838879,107.41582512497412,109.82928387612033,573,295
311,-1.6308714889826292e-06,6.0529642501252855e-06,0.5683582852470508,0.7319360824907807,282.97445886988544,125.22978638466495,82.7505782826042,107.41208033839146,109.82839648593486,573,295
312,6.830247649476053e-05,0.0005436427867803778,0.463858196368525,0.4465345676191905,282.9727310663574,125.20224282502926,82.71988641405626,107.35808560357323,109.8056733812524,573,295
313,1.4515702437180727e-07,2.7100758914405215e-08,0.44137724023754216,0.7448049440697853,282.97083267818044,125.2038240615311,82.72961812642352,107.35569556600704,109.81373088413642,573,295
314,0.00012181603755188546,0.0002558095391464066,0.48043283691406996,0.44423476308874055,282.9116446400304,125.17303580594387,82.76009702132694,107.4252018812672,109.8692223504008,573,295
315,-5.091608083531624e-07,1.0941415643365324e-06,0.48428565050717975,0.6926498923626883,282.9115064249882,125.17337537834244,82.79083030141686,107.4006625846718,109.90378915609193,573,295
316,-8.57270277527659e-05,0.0001304043461682017,0.4826604731556051,0.5447377610866675,282.91524081177835,125.10490954109304,82.31860265625463,107.18208063418818,109.4238116366433,573,295
317,-7.020395087497012e-07,1.4998233978717903e-06,0.5381918376825723,0.6676512477977048,282.91353155876686,125.10912392506602,82.38930399029786,107.13730884136422,109.49658946372053,573,295
318,-0.0002828179827377333,-0.0002752163343688931,0.5354159825654662,0.4576843312691608,282.945703752389,125.08721329885591,82.6606146656018,107.27007424497884,109.77663205844944,573,295
319,2.1586705120484627e-07,-1.9848995477001007e-06,0.6112288204014485,0.7368631721311212,282.9453312151417,125.08573230759936,82.67160647203242,107.26007039962138,109.78770668796403,573,295
320,-0.0001517613392978911,-0.0008065158775141865,0.4863390514027221,0.47229905295044444,282.8921881755736,125.08525497581104,82.53394267459402,107.2138314550241,109.60827047652853,573,295
321,1.2039888279985774e-06,3.270062471810215e-07,0.5204741983464296,0.659698990761989,282.8949994099306,125.08577356291086,82.58474872067914,107.17482178247108,109.6691454432514,573,295
322,-0.0004948070779224578,-0.0011419395781985312,0.5003798177225013,0.4901048046590941,282.85526762752295,125.06719240017792,82.70214452628154,107.23741237021919,109.73171828319579,573,295
323,8.507408429586564e-07,4.2794127095398405e-07,0.5521106236605221,0.6813417851646524,282.8555196633939,125.06806643846184,82.72578460082231,107.22093057650783,109.74948975064336,573,295
324,-0.0007398004383700047,-0.0013527977136739142,0.49151826300975954,0.4911226962133189,282.8421486494074,124.98107969451395,82.16917206495697,106.94039695920964,109.13836187771763,573,295
325,9.818523713729852e-07,1.7309105151960402e-07,0.5366509009327516,0.6519100662832834,282.8411551971336,124.98057854645354,82.22580530659332,106.90500192267874,109.18390865797025,573,295
326,-0.0008599313225960759,-0.001121814469383953,0.47553061655854656,0.4770854472421279,283.0214999627931,124.75783112410225,82.73045227319786,107.30397255006359,109.72557754311238,573,295
327,1.4091209483357575e-06,-7.029489025147685e-06,0.5691425803462944,0.7444043568945142,283.0180673707972,124.75530188960806,82.75341793119767,107.27764072529358,109.75454195876594,573,295
328,-0.0012237135801801968,-0.001808109483631442,0.5039110322910532,0.484491790033385,282.79323993899675,124.92382665494301,82.15890791847842,106.75405093619665,109.01182595320496,573,295
329,1.2650873580843823e-06,1.3309159686545207e-06,0.6190776951191496,0.692005502203867,282.7899509367588,124.92606379822269,82.1792409855947,106.73771704084953,109.04330464105067,573,295
330,-0.0012370856690677378,-0.0017724134978045823,0.5032280129217975,0.4802145688171528,282.79247429058864,124.96779702118148,82.26629396278877,106.80940633596592,109.05422545626645,573,295
331,1.376252589590033e-06,-2.644685216657266e-06,0.5905655681273289,0.7332315429657104,282.79232216751376,124.96690403447244,82.26049043097584,106.80954240246103,109.0506344839826,573,295
332,-0.001111670671082113,-0.0014615008877601776,0.5070505665521353,0.48020431983762946,282.6569443496016,124.73141951435068,82.26757180465584,107.09565474605851,109.13423255538794,573,295
333,1.3301702750085375e-06,8.006565075307396e-07,0.5033406124619679,0.6916377324142314,282.6564584183483,124.73300041608542,82.2696128020824,107.09891442600644,109.13790043482119,573,295
334,-0.0016857675704456945,-0.001320864278035631,0.47218801717198255,0.4956198379524231,282.6227456514153,124.73620937488391,82.5612802082409,107.13864584257698,109.36175348300648,573,295
335,-2.8402119627247437e-06,-1.6455692217416805e-06,0.5758639858603151,0.7286663530384672,282.62313626298726,124.73467920324676,82.55923921081433,107.13736208477535,109.35834590469429,573,295
336,-0.0018285878493838465,-0.0012907025861607839,0.5002040947081163,0.5004888056044866,282.62124998038104,124.88227913821162,82.02408968556807,106.64868814150915,108.71567426864259,573,295
337,-3.235266642800998e-06,-3.860215334126427e-06,0.5440058333746203,0.7234695959069606,282.62072024813835,124.88294933690342,82.01803176856863,106.65223178631645,108.71261573047002,573,295
338,-0.0017144712227315658,-0.0010413486767804343,0.493635892057782,0.4894882236853399,282.55233186264144,124.93826586900275,82.21363031324873,106.70296684118674,108.84016327979413,573,295
339,-5.142163222336489e-06,-6.403087753013987e-06,0.5427661939819151,0.7061151200577375,282.54999468966105,124.93474340759353,82.20916378264856,106.69970124530423,108.8354719436803,573,295
340,-0.0014506929269567054,-0.0014239199272229567,0.49944347516839105,0.4941502748175471,282.508715891284,124.94279410532059,81.69922205460408,106.40664951045642,108.28673943266188,573,295
341,2.088882426163692e-06,-1.4738213914613477e-06,0.49951488301944036,0.718509545197537,282.5072427646653,124.9442169801151,81.70045256899459,106.40964297334871,108.28856745644393,573,295
342,-0.0011656382143712043,-0.0011801887452455983,0.4996497206727499,0.47103570361369734,282.4701671297567,124.92358761316655,81.8108202443281,106.50196113230987,108.34424231667998,573,295
343,-1.7942039466823084e-06,-6.333873255078771e-06,0.535252544900496,0.7459456106247808,282.4708584541808,124.92334866731328,81.80591001863519,106.50508474576272,108.34281066051409,573,295
